0.909920
0.922041
0.070990
0.634459
0.357965
0.982770
0.862063
0.239750
0.245096
0.186974
0.384925
0.603697
0.091265
0.084268
0.087410
0.410404
0.769974
0.315759
0.167347
0.414527
0.668616
0.227804
0.739801
0.434050
0.520548
0.548156
0.141380
0.632917
0.819530
0.499929
0.251676
0.026746
0.563996
0.853768
0.938982
0.734851
0.412915
0.452481
0.580316
0.327486
0.422234
0.998821
0.742441
0.059054
0.059508
0.730115
0.620358
0.599571
0.611252
0.862251
0.163524
0.606410
0.625806
0.424480
0.478476
0.315252
0.862345
0.239062
0.550344
0.750670
0.128276
0.486456
0.854154
0.373365
0.923702
0.399955
0.656524
0.962313
0.611961
0.477496
0.228069
0.626161
0.544017
0.620477
0.909920
0.501374
0.613379
0.485798
0.620122
0.846761
0.160916
0.006388
0.611133
0.389766
0.252320
0.310467
0.434775
0.226748
0.581603
0.577743
0.112628
0.302771
0.142455
0.311805
0.949163
0.740145
0.434360
0.235036
0.206181
0.215319
0.041848
0.093699
0.680214
0.938148
0.939493
0.106684
0.967026
0.362309
0.544361
0.089006
0.266507
0.105190
0.499041
0.815035
0.712906
0.397294
0.256572
0.435812
0.050900
0.612906
0.875356
0.174576
0.137805
0.203386
0.382806
0.794434
0.801769
0.676903
0.135722
0.599454
0.943064
0.071453
0.645372
0.471963
0.613615
0.034407
0.228798
0.458964
0.094953
0.757711
0.468400
0.721066
0.804659
0.883986
0.254403
0.510420
0.262646
0.620477
